G <- ground truth (Table 2 in original SDID paper)
R <- results from R package

G_baseline = [0.992,0.1,0.098,.01,-.06,0.028,0.037,0.049,0.035,0.032,0.010,0.020,0.021,0.015,0.007]
R_baseline = [0.9914795,0.09964539,0.09788706,0.009660322,-0.05709511,0.02514417,0.02238626,0.0451205,0.03463667,0.07083792,0.01497754,0.007888838,0.04333287,-0.002199449,-0.04927177]

percent_error = [0.05247, 0.3546, 0.1152, 3.397, 4.841, 10.2, 39.5, 7.917, 1.038, 121.4]

G_no_corr = [0.992,0.100,0.098,0,0,0.028,0.038,0.049,0.035,0.032,0.010,0.020,0.021,0.015,0.007]
R_no_corr = [0.9914795, 0.09964539, 0.09788706, 0.009660322, -0.05709511,0.1597103,0.1511578,0.1330003,0.1937524,0.3958589,0.04067054,-0.03780873,0.03917377, -0.005278623,-0.08017598]

percent_error = [0.05247, 0.3546, 0.1152, div by zero, div by zero, 470.4, 297.8, 171.4, 453.6, 1137] <-- needs fixing

G_no_interactive = [0.992,0,0.098,0.01,-0.06,0.016,0.018,0.014,0.014,0.016,0.001,0.004,0.001,0.001,0.001]
R_no_interactive = [0.9914795,0.09964539,0.09788706,0.009660322, -0.05709511,0.02513609,0.01927667,0.0451205,0.03463665,0.07083793,0.01494027,0.007219174,0.04333287,-0.002199539,-0.04927177]

percent_error = [0.05247, div by zero, 0.1152, 3.397, 4.841, 57.1, 7.093, 222.3, 147.4, 342.7]

G_no_fixed = [0,0.1,0.098,0.01,-0.06,0.028,0.023,0.049,0.035,0.032, 0.01,0.004,0.021,0.015,0.007]
R_no_fixed = [0.9914795,0.09964539,0.09788706,0.009660322, -0.05709511, 0.01524572,0.01575772,0.01257468,0.01591859,0.03871639,6.36E-05,-0.001437733,5.29E-06,-0.000706383,0.0004954221]

percent_error = [div by zero, 0.3546, 0.1152, 3.397, 4.841, 45.55, 31.49, 74.34, 54.52, 20.99]

G_only_noise = [0,0,0.098,.01,-.06,0.016,0.014,0.014,0.014,0.016,0.001,0.001,0.001,0.001,0.001]
R_only_noise = [0.9914795, 0.09964539, 0.09788706, 0.009660322, -0.05709511, 0.01525139, 0.01363205,0.01257468,0.0159187, 0.0387164, 6.42E-05, -0.000284434, 5.29E-06,-0.0007063935,0.0004954172]

percent_error = [100, 100, 0.1154, 3.516, 5.088, 4.908, 2.699, 11.33, 12.05, 58.67]
